-8.029999999999999716e+01 1.306543659176122958e+02 0.000000000000000000e+00
-6.570000000000000284e+01 1.306543659176122958e+02 0.000000000000000000e+00
-5.109999999999999432e+01 1.306543659176122958e+02 0.000000000000000000e+00
-3.650000000000000000e+01 1.306543659176122958e+02 0.000000000000000000e+00
-2.189999999999999858e+01 1.306543659176122958e+02 0.000000000000000000e+00
-7.299999999999999822e+00 1.306543659176122958e+02 0.000000000000000000e+00
7.299999999999999822e+00 1.306543659176122958e+02 0.000000000000000000e+00
2.189999999999999858e+01 1.306543659176122958e+02 0.000000000000000000e+00
3.650000000000000000e+01 1.306543659176122958e+02 0.000000000000000000e+00
5.110000000000000142e+01 1.306543659176122958e+02 0.000000000000000000e+00
6.570000000000000284e+01 1.306543659176122958e+02 0.000000000000000000e+00
-8.759999999999999432e+01 1.180103950223595035e+02 0.000000000000000000e+00
-7.300000000000000000e+01 1.180103950223595035e+02 0.000000000000000000e+00
-5.839999999999999858e+01 1.180103950223595035e+02 0.000000000000000000e+00
-4.379999999999999716e+01 1.180103950223595035e+02 0.000000000000000000e+00
-2.919999999999999929e+01 1.180103950223595035e+02 0.000000000000000000e+00
-1.459999999999999964e+01 1.180103950223595035e+02 0.000000000000000000e+00
0.000000000000000000e+00 1.180103950223595035e+02 0.000000000000000000e+00
1.459999999999999787e+01 1.180103950223595035e+02 0.000000000000000000e+00
2.919999999999999929e+01 1.180103950223595035e+02 0.000000000000000000e+00
4.380000000000000426e+01 1.180103950223595035e+02 0.000000000000000000e+00
5.840000000000000568e+01 1.180103950223595035e+02 0.000000000000000000e+00
8.029999999999999716e+01 1.222250519874437629e+02 0.000000000000000000e+00
-9.489999999999999147e+01 1.053664241271066970e+02 0.000000000000000000e+00
-8.029999999999999716e+01 1.053664241271066970e+02 0.000000000000000000e+00
-6.570000000000000284e+01 1.053664241271066970e+02 0.000000000000000000e+00
-5.109999999999999432e+01 1.053664241271066970e+02 0.000000000000000000e+00
-3.650000000000000000e+01 1.053664241271066970e+02 0.000000000000000000e+00
-2.189999999999999858e+01 1.053664241271066970e+02 0.000000000000000000e+00
-7.299999999999999822e+00 1.053664241271066970e+02 0.000000000000000000e+00
7.299999999999999822e+00 1.053664241271066970e+02 0.000000000000000000e+00
2.189999999999999858e+01 1.053664241271066970e+02 0.000000000000000000e+00
3.650000000000000000e+01 1.053664241271066970e+02 0.000000000000000000e+00
5.110000000000000142e+01 1.053664241271066970e+02 0.000000000000000000e+00
7.300000000000000000e+01 1.095810810921909564e+02 0.000000000000000000e+00
8.759999999999999432e+01 1.095810810921909564e+02 0.000000000000000000e+00
-1.021999999999999886e+02 9.272245323185390475e+01 0.000000000000000000e+00
-8.759999999999999432e+01 9.272245323185390475e+01 0.000000000000000000e+00
-7.300000000000000000e+01 9.272245323185390475e+01 0.000000000000000000e+00
-5.839999999999999858e+01 9.272245323185390475e+01 0.000000000000000000e+00
-4.379999999999999716e+01 9.272245323185390475e+01 0.000000000000000000e+00
-2.919999999999999929e+01 9.272245323185390475e+01 0.000000000000000000e+00
-1.459999999999999964e+01 9.272245323185390475e+01 0.000000000000000000e+00
0.000000000000000000e+00 9.272245323185390475e+01 0.000000000000000000e+00
1.459999999999999787e+01 9.272245323185390475e+01 0.000000000000000000e+00
2.919999999999999929e+01 9.272245323185390475e+01 0.000000000000000000e+00
4.380000000000000426e+01 9.272245323185390475e+01 0.000000000000000000e+00
6.570000000000000284e+01 9.693711019693816411e+01 0.000000000000000000e+00
8.029999999999999716e+01 9.693711019693816411e+01 0.000000000000000000e+00
9.489999999999999147e+01 9.693711019693816411e+01 0.000000000000000000e+00
-1.095000000000000000e+02 8.007848233660108406e+01 0.000000000000000000e+00
-9.489999999999999147e+01 8.007848233660108406e+01 0.000000000000000000e+00
-8.029999999999999716e+01 8.007848233660108406e+01 0.000000000000000000e+00
-6.570000000000000284e+01 8.007848233660108406e+01 0.000000000000000000e+00
-5.109999999999999432e+01 8.007848233660108406e+01 0.000000000000000000e+00
-3.650000000000000000e+01 8.007848233660108406e+01 0.000000000000000000e+00
-2.189999999999999858e+01 8.007848233660108406e+01 0.000000000000000000e+00
-7.299999999999999822e+00 8.007848233660108406e+01 0.000000000000000000e+00
7.299999999999999822e+00 8.007848233660108406e+01 0.000000000000000000e+00
2.189999999999999858e+01 8.007848233660108406e+01 0.000000000000000000e+00
3.650000000000000000e+01 8.007848233660108406e+01 0.000000000000000000e+00
5.839999999999999858e+01 8.429313930168534341e+01 0.000000000000000000e+00
7.300000000000000000e+01 8.429313930168534341e+01 0.000000000000000000e+00
8.759999999999999432e+01 8.429313930168534341e+01 0.000000000000000000e+00
1.022000000000000028e+02 8.429313930168534341e+01 0.000000000000000000e+00
-1.167999999999999972e+02 6.743451144134829178e+01 0.000000000000000000e+00
-1.021999999999999886e+02 6.743451144134829178e+01 0.000000000000000000e+00
-8.759999999999999432e+01 6.743451144134829178e+01 0.000000000000000000e+00
-7.300000000000000000e+01 6.743451144134829178e+01 0.000000000000000000e+00
-5.839999999999999858e+01 6.743451144134829178e+01 0.000000000000000000e+00
-4.379999999999999716e+01 6.743451144134829178e+01 0.000000000000000000e+00
-2.919999999999999929e+01 6.743451144134829178e+01 0.000000000000000000e+00
-1.459999999999999964e+01 6.743451144134829178e+01 0.000000000000000000e+00
0.000000000000000000e+00 6.743451144134829178e+01 0.000000000000000000e+00
1.459999999999999787e+01 6.743451144134829178e+01 0.000000000000000000e+00
2.919999999999999929e+01 6.743451144134829178e+01 0.000000000000000000e+00
5.110000000000000142e+01 7.164916840643255114e+01 0.000000000000000000e+00
6.570000000000000284e+01 7.164916840643255114e+01 0.000000000000000000e+00
8.029999999999999716e+01 7.164916840643255114e+01 0.000000000000000000e+00
9.489999999999999147e+01 7.164916840643255114e+01 0.000000000000000000e+00
1.095000000000000000e+02 7.164916840643255114e+01 0.000000000000000000e+00
-1.240999999999999943e+02 5.479054054609548530e+01 0.000000000000000000e+00
-1.095000000000000000e+02 5.479054054609548530e+01 0.000000000000000000e+00
-9.489999999999999147e+01 5.479054054609548530e+01 0.000000000000000000e+00
-8.029999999999999716e+01 5.479054054609548530e+01 0.000000000000000000e+00
-6.570000000000000284e+01 5.479054054609548530e+01 0.000000000000000000e+00
-5.109999999999999432e+01 5.479054054609548530e+01 0.000000000000000000e+00
-3.650000000000000000e+01 5.479054054609548530e+01 0.000000000000000000e+00
-2.189999999999999858e+01 5.479054054609548530e+01 0.000000000000000000e+00
-7.299999999999999822e+00 5.479054054609548530e+01 0.000000000000000000e+00
7.299999999999999822e+00 5.479054054609548530e+01 0.000000000000000000e+00
2.189999999999999858e+01 5.479054054609548530e+01 0.000000000000000000e+00
4.379999999999999716e+01 5.900519751117974465e+01 0.000000000000000000e+00
5.839999999999999858e+01 5.900519751117974465e+01 0.000000000000000000e+00
7.300000000000000000e+01 5.900519751117974465e+01 0.000000000000000000e+00
8.759999999999999432e+01 5.900519751117974465e+01 0.000000000000000000e+00
1.022000000000000028e+02 5.900519751117974465e+01 0.000000000000000000e+00
1.167999999999999972e+02 5.900519751117974465e+01 0.000000000000000000e+00
-1.314000000000000057e+02 4.214656965084267881e+01 0.000000000000000000e+00
-1.167999999999999972e+02 4.214656965084267881e+01 0.000000000000000000e+00
-1.021999999999999886e+02 4.214656965084267881e+01 0.000000000000000000e+00
-8.759999999999999432e+01 4.214656965084267881e+01 0.000000000000000000e+00
-7.300000000000000000e+01 4.214656965084267881e+01 0.000000000000000000e+00
-5.839999999999999858e+01 4.214656965084267881e+01 0.000000000000000000e+00
-4.379999999999999716e+01 4.214656965084267881e+01 0.000000000000000000e+00
-2.919999999999999929e+01 4.214656965084267881e+01 0.000000000000000000e+00
-1.459999999999999964e+01 4.214656965084267881e+01 0.000000000000000000e+00
0.000000000000000000e+00 4.214656965084267881e+01 0.000000000000000000e+00
1.459999999999999787e+01 4.214656965084267881e+01 0.000000000000000000e+00
3.650000000000000000e+01 4.636122661592693817e+01 0.000000000000000000e+00
5.110000000000000142e+01 4.636122661592693817e+01 0.000000000000000000e+00
6.570000000000000284e+01 4.636122661592693817e+01 0.000000000000000000e+00
8.029999999999999716e+01 4.636122661592693817e+01 0.000000000000000000e+00
9.489999999999999147e+01 4.636122661592693817e+01 0.000000000000000000e+00
1.095000000000000000e+02 4.636122661592693817e+01 0.000000000000000000e+00
1.240999999999999943e+02 4.636122661592693817e+01 0.000000000000000000e+00
-1.387000000000000171e+02 2.950259875558987233e+01 0.000000000000000000e+00
-1.240999999999999943e+02 2.950259875558987233e+01 0.000000000000000000e+00
-1.095000000000000000e+02 2.950259875558987233e+01 0.000000000000000000e+00
-9.489999999999999147e+01 2.950259875558987233e+01 0.000000000000000000e+00
-8.029999999999999716e+01 2.950259875558987233e+01 0.000000000000000000e+00
-6.570000000000000284e+01 2.950259875558987233e+01 0.000000000000000000e+00
-5.109999999999999432e+01 2.950259875558987233e+01 0.000000000000000000e+00
-3.650000000000000000e+01 2.950259875558987233e+01 0.000000000000000000e+00
-2.189999999999999858e+01 2.950259875558987233e+01 0.000000000000000000e+00
-7.299999999999999822e+00 2.950259875558987233e+01 0.000000000000000000e+00
7.299999999999999822e+00 2.950259875558987233e+01 0.000000000000000000e+00
2.919999999999999929e+01 3.371725572067413879e+01 0.000000000000000000e+00
4.379999999999999716e+01 3.371725572067413879e+01 0.000000000000000000e+00
5.839999999999999858e+01 3.371725572067413879e+01 0.000000000000000000e+00
7.300000000000000000e+01 3.371725572067413879e+01 0.000000000000000000e+00
8.759999999999999432e+01 3.371725572067413879e+01 0.000000000000000000e+00
1.022000000000000028e+02 3.371725572067413879e+01 0.000000000000000000e+00
1.167999999999999972e+02 3.371725572067413879e+01 0.000000000000000000e+00
1.314000000000000057e+02 3.371725572067413879e+01 0.000000000000000000e+00
-1.460000000000000000e+02 1.685862786033707295e+01 0.000000000000000000e+00
-1.314000000000000057e+02 1.685862786033707295e+01 0.000000000000000000e+00
-1.167999999999999972e+02 1.685862786033707295e+01 0.000000000000000000e+00
-1.021999999999999886e+02 1.685862786033707295e+01 0.000000000000000000e+00
-8.759999999999999432e+01 1.685862786033707295e+01 0.000000000000000000e+00
-7.300000000000000000e+01 1.685862786033707295e+01 0.000000000000000000e+00
-5.839999999999999858e+01 1.685862786033707295e+01 0.000000000000000000e+00
-4.379999999999999716e+01 1.685862786033707295e+01 0.000000000000000000e+00
-2.919999999999999929e+01 1.685862786033707295e+01 0.000000000000000000e+00
-1.459999999999999964e+01 1.685862786033707295e+01 0.000000000000000000e+00
0.000000000000000000e+00 1.685862786033707295e+01 0.000000000000000000e+00
2.189999999999999858e+01 2.107328482542133941e+01 0.000000000000000000e+00
3.650000000000000000e+01 2.107328482542133941e+01 0.000000000000000000e+00
5.110000000000000142e+01 2.107328482542133941e+01 0.000000000000000000e+00
6.570000000000000284e+01 2.107328482542133941e+01 0.000000000000000000e+00
8.029999999999999716e+01 2.107328482542133941e+01 0.000000000000000000e+00
9.489999999999999147e+01 2.107328482542133941e+01 0.000000000000000000e+00
1.095000000000000000e+02 2.107328482542133941e+01 0.000000000000000000e+00
1.240999999999999943e+02 2.107328482542133941e+01 0.000000000000000000e+00
1.386999999999999886e+02 2.107328482542133941e+01 0.000000000000000000e+00
-1.460000000000000000e+02 0.000000000000000000e+00 0.000000000000000000e+00
-1.314000000000000057e+02 0.000000000000000000e+00 0.000000000000000000e+00
-1.167999999999999972e+02 0.000000000000000000e+00 0.000000000000000000e+00
-1.022000000000000028e+02 0.000000000000000000e+00 0.000000000000000000e+00
-8.759999999999999432e+01 0.000000000000000000e+00 0.000000000000000000e+00
-7.300000000000000000e+01 0.000000000000000000e+00 0.000000000000000000e+00
-5.839999999999999858e+01 0.000000000000000000e+00 0.000000000000000000e+00
-4.379999999999999716e+01 0.000000000000000000e+00 0.000000000000000000e+00
-2.919999999999999929e+01 0.000000000000000000e+00 0.000000000000000000e+00
-1.459999999999999964e+01 0.000000000000000000e+00 0.000000000000000000e+00
0.000000000000000000e+00 0.000000000000000000e+00 0.000000000000000000e+00
1.459999999999999964e+01 8.429313930168534696e+00 0.000000000000000000e+00
2.919999999999999929e+01 8.429313930168534696e+00 0.000000000000000000e+00
4.379999999999999716e+01 8.429313930168534696e+00 0.000000000000000000e+00
5.839999999999999858e+01 8.429313930168534696e+00 0.000000000000000000e+00
7.300000000000000000e+01 8.429313930168534696e+00 0.000000000000000000e+00
8.759999999999999432e+01 8.429313930168534696e+00 0.000000000000000000e+00
1.022000000000000028e+02 8.429313930168534696e+00 0.000000000000000000e+00
1.167999999999999972e+02 8.429313930168534696e+00 0.000000000000000000e+00
1.314000000000000057e+02 8.429313930168534696e+00 0.000000000000000000e+00
1.460000000000000000e+02 8.429313930168534696e+00 0.000000000000000000e+00
-1.386999999999999886e+02 -1.264397089525280293e+01 0.000000000000000000e+00
-1.240999999999999943e+02 -1.264397089525280293e+01 0.000000000000000000e+00
-1.095000000000000000e+02 -1.264397089525280293e+01 0.000000000000000000e+00
-9.489999999999999147e+01 -1.264397089525280293e+01 0.000000000000000000e+00
-8.029999999999999716e+01 -1.264397089525280293e+01 0.000000000000000000e+00
-6.570000000000000284e+01 -1.264397089525280293e+01 0.000000000000000000e+00
-5.110000000000000142e+01 -1.264397089525280293e+01 0.000000000000000000e+00
-3.650000000000000000e+01 -1.264397089525280293e+01 0.000000000000000000e+00
-2.189999999999999858e+01 -1.264397089525280293e+01 0.000000000000000000e+00
-7.299999999999999822e+00 -1.264397089525280293e+01 0.000000000000000000e+00
7.299999999999999822e+00 -1.264397089525280293e+01 0.000000000000000000e+00
2.189999999999999858e+01 -4.214656965084268236e+00 0.000000000000000000e+00
3.650000000000000000e+01 -4.214656965084268236e+00 0.000000000000000000e+00
5.110000000000000142e+01 -4.214656965084268236e+00 0.000000000000000000e+00
6.570000000000000284e+01 -4.214656965084268236e+00 0.000000000000000000e+00
8.029999999999999716e+01 -4.214656965084268236e+00 0.000000000000000000e+00
9.489999999999999147e+01 -4.214656965084268236e+00 0.000000000000000000e+00
1.095000000000000000e+02 -4.214656965084268236e+00 0.000000000000000000e+00
1.240999999999999943e+02 -4.214656965084268236e+00 0.000000000000000000e+00
1.386999999999999886e+02 -4.214656965084268236e+00 0.000000000000000000e+00
-1.314000000000000057e+02 -2.528794179050560587e+01 0.000000000000000000e+00
-1.167999999999999972e+02 -2.528794179050560587e+01 0.000000000000000000e+00
-1.022000000000000028e+02 -2.528794179050560587e+01 0.000000000000000000e+00
-8.759999999999999432e+01 -2.528794179050560587e+01 0.000000000000000000e+00
-7.300000000000000000e+01 -2.528794179050560587e+01 0.000000000000000000e+00
-5.839999999999999858e+01 -2.528794179050560587e+01 0.000000000000000000e+00
-4.379999999999999716e+01 -2.528794179050560587e+01 0.000000000000000000e+00
-2.919999999999999929e+01 -2.528794179050560587e+01 0.000000000000000000e+00
-1.459999999999999964e+01 -2.528794179050560587e+01 0.000000000000000000e+00
0.000000000000000000e+00 -2.528794179050560587e+01 0.000000000000000000e+00
1.459999999999999964e+01 -2.528794179050560587e+01 0.000000000000000000e+00
2.919999999999999929e+01 -1.685862786033707295e+01 0.000000000000000000e+00
4.379999999999999716e+01 -1.685862786033707295e+01 0.000000000000000000e+00
5.839999999999999858e+01 -1.685862786033707295e+01 0.000000000000000000e+00
7.300000000000000000e+01 -1.685862786033707295e+01 0.000000000000000000e+00
8.759999999999999432e+01 -1.685862786033707295e+01 0.000000000000000000e+00
1.022000000000000028e+02 -1.685862786033707295e+01 0.000000000000000000e+00
1.167999999999999972e+02 -1.685862786033707295e+01 0.000000000000000000e+00
1.314000000000000057e+02 -1.685862786033707295e+01 0.000000000000000000e+00
-1.240999999999999943e+02 -3.793191268575840525e+01 0.000000000000000000e+00
-1.095000000000000000e+02 -3.793191268575840525e+01 0.000000000000000000e+00
-9.489999999999999147e+01 -3.793191268575840525e+01 0.000000000000000000e+00
-8.029999999999999716e+01 -3.793191268575840525e+01 0.000000000000000000e+00
-6.570000000000000284e+01 -3.793191268575840525e+01 0.000000000000000000e+00
-5.110000000000000142e+01 -3.793191268575840525e+01 0.000000000000000000e+00
-3.650000000000000000e+01 -3.793191268575840525e+01 0.000000000000000000e+00
-2.189999999999999858e+01 -3.793191268575840525e+01 0.000000000000000000e+00
-7.299999999999999822e+00 -3.793191268575840525e+01 0.000000000000000000e+00
7.299999999999999822e+00 -3.793191268575840525e+01 0.000000000000000000e+00
2.189999999999999858e+01 -3.793191268575840525e+01 0.000000000000000000e+00
3.650000000000000000e+01 -2.950259875558987233e+01 0.000000000000000000e+00
5.110000000000000142e+01 -2.950259875558987233e+01 0.000000000000000000e+00
6.570000000000000284e+01 -2.950259875558987233e+01 0.000000000000000000e+00
8.029999999999999716e+01 -2.950259875558987233e+01 0.000000000000000000e+00
9.489999999999999147e+01 -2.950259875558987233e+01 0.000000000000000000e+00
1.095000000000000000e+02 -2.950259875558987233e+01 0.000000000000000000e+00
1.240999999999999943e+02 -2.950259875558987233e+01 0.000000000000000000e+00
-1.167999999999999972e+02 -5.057588358101121173e+01 0.000000000000000000e+00
-1.022000000000000028e+02 -5.057588358101121173e+01 0.000000000000000000e+00
-8.759999999999999432e+01 -5.057588358101121173e+01 0.000000000000000000e+00
-7.300000000000000000e+01 -5.057588358101121173e+01 0.000000000000000000e+00
-5.839999999999999858e+01 -5.057588358101121173e+01 0.000000000000000000e+00
-4.379999999999999716e+01 -5.057588358101121173e+01 0.000000000000000000e+00
-2.919999999999999929e+01 -5.057588358101121173e+01 0.000000000000000000e+00
-1.459999999999999964e+01 -5.057588358101121173e+01 0.000000000000000000e+00
0.000000000000000000e+00 -5.057588358101121173e+01 0.000000000000000000e+00
1.459999999999999964e+01 -5.057588358101121173e+01 0.000000000000000000e+00
2.919999999999999929e+01 -5.057588358101121173e+01 0.000000000000000000e+00
4.379999999999999716e+01 -4.214656965084267881e+01 0.000000000000000000e+00
5.839999999999999858e+01 -4.214656965084267881e+01 0.000000000000000000e+00
7.300000000000000000e+01 -4.214656965084267881e+01 0.000000000000000000e+00
8.759999999999999432e+01 -4.214656965084267881e+01 0.000000000000000000e+00
1.022000000000000028e+02 -4.214656965084267881e+01 0.000000000000000000e+00
1.167999999999999972e+02 -4.214656965084267881e+01 0.000000000000000000e+00
-1.095000000000000000e+02 -6.321985447626401822e+01 0.000000000000000000e+00
-9.489999999999999147e+01 -6.321985447626401822e+01 0.000000000000000000e+00
-8.029999999999999716e+01 -6.321985447626401822e+01 0.000000000000000000e+00
-6.570000000000000284e+01 -6.321985447626401822e+01 0.000000000000000000e+00
-5.110000000000000142e+01 -6.321985447626401822e+01 0.000000000000000000e+00
-3.650000000000000000e+01 -6.321985447626401822e+01 0.000000000000000000e+00
-2.189999999999999858e+01 -6.321985447626401822e+01 0.000000000000000000e+00
-7.299999999999999822e+00 -6.321985447626401822e+01 0.000000000000000000e+00
7.299999999999999822e+00 -6.321985447626401822e+01 0.000000000000000000e+00
2.189999999999999858e+01 -6.321985447626401822e+01 0.000000000000000000e+00
3.650000000000000000e+01 -6.321985447626401822e+01 0.000000000000000000e+00
5.110000000000000142e+01 -5.479054054609548530e+01 0.000000000000000000e+00
6.570000000000000284e+01 -5.479054054609548530e+01 0.000000000000000000e+00
8.029999999999999716e+01 -5.479054054609548530e+01 0.000000000000000000e+00
9.489999999999999147e+01 -5.479054054609548530e+01 0.000000000000000000e+00
1.095000000000000000e+02 -5.479054054609548530e+01 0.000000000000000000e+00
-1.022000000000000028e+02 -7.586382537151681049e+01 0.000000000000000000e+00
-8.759999999999999432e+01 -7.586382537151681049e+01 0.000000000000000000e+00
-7.300000000000000000e+01 -7.586382537151681049e+01 0.000000000000000000e+00
-5.839999999999999858e+01 -7.586382537151681049e+01 0.000000000000000000e+00
-4.379999999999999716e+01 -7.586382537151681049e+01 0.000000000000000000e+00
-2.919999999999999929e+01 -7.586382537151681049e+01 0.000000000000000000e+00
-1.459999999999999964e+01 -7.586382537151681049e+01 0.000000000000000000e+00
0.000000000000000000e+00 -7.586382537151681049e+01 0.000000000000000000e+00
1.459999999999999964e+01 -7.586382537151681049e+01 0.000000000000000000e+00
2.919999999999999929e+01 -7.586382537151681049e+01 0.000000000000000000e+00
4.379999999999999716e+01 -7.586382537151681049e+01 0.000000000000000000e+00
5.839999999999999858e+01 -6.743451144134827757e+01 0.000000000000000000e+00
7.300000000000000000e+01 -6.743451144134827757e+01 0.000000000000000000e+00
8.759999999999999432e+01 -6.743451144134827757e+01 0.000000000000000000e+00
1.022000000000000028e+02 -6.743451144134827757e+01 0.000000000000000000e+00
-9.489999999999999147e+01 -8.850779626676963119e+01 0.000000000000000000e+00
-8.029999999999999716e+01 -8.850779626676963119e+01 0.000000000000000000e+00
-6.570000000000000284e+01 -8.850779626676963119e+01 0.000000000000000000e+00
-5.110000000000000142e+01 -8.850779626676963119e+01 0.000000000000000000e+00
-3.650000000000000000e+01 -8.850779626676963119e+01 0.000000000000000000e+00
-2.189999999999999858e+01 -8.850779626676963119e+01 0.000000000000000000e+00
-7.299999999999999822e+00 -8.850779626676963119e+01 0.000000000000000000e+00
7.299999999999999822e+00 -8.850779626676963119e+01 0.000000000000000000e+00
2.189999999999999858e+01 -8.850779626676963119e+01 0.000000000000000000e+00
3.650000000000000000e+01 -8.850779626676963119e+01 0.000000000000000000e+00
5.110000000000000142e+01 -8.850779626676963119e+01 0.000000000000000000e+00
6.570000000000000284e+01 -8.007848233660109827e+01 0.000000000000000000e+00
8.029999999999999716e+01 -8.007848233660109827e+01 0.000000000000000000e+00
9.489999999999999147e+01 -8.007848233660109827e+01 0.000000000000000000e+00
-8.759999999999999432e+01 -1.011517671620224235e+02 0.000000000000000000e+00
-7.300000000000000000e+01 -1.011517671620224235e+02 0.000000000000000000e+00
-5.839999999999999858e+01 -1.011517671620224235e+02 0.000000000000000000e+00
-4.379999999999999716e+01 -1.011517671620224235e+02 0.000000000000000000e+00
-2.919999999999999929e+01 -1.011517671620224235e+02 0.000000000000000000e+00
-1.459999999999999964e+01 -1.011517671620224235e+02 0.000000000000000000e+00
0.000000000000000000e+00 -1.011517671620224235e+02 0.000000000000000000e+00
1.459999999999999964e+01 -1.011517671620224235e+02 0.000000000000000000e+00
2.919999999999999929e+01 -1.011517671620224235e+02 0.000000000000000000e+00
4.379999999999999716e+01 -1.011517671620224235e+02 0.000000000000000000e+00
5.839999999999999858e+01 -1.011517671620224235e+02 0.000000000000000000e+00
7.300000000000000000e+01 -9.272245323185389054e+01 0.000000000000000000e+00
8.759999999999999432e+01 -9.272245323185389054e+01 0.000000000000000000e+00
-8.029999999999999716e+01 -1.137957380572752299e+02 0.000000000000000000e+00
-6.570000000000000284e+01 -1.137957380572752299e+02 0.000000000000000000e+00
-5.110000000000000142e+01 -1.137957380572752299e+02 0.000000000000000000e+00
-3.650000000000000000e+01 -1.137957380572752299e+02 0.000000000000000000e+00
-2.189999999999999858e+01 -1.137957380572752299e+02 0.000000000000000000e+00
-7.299999999999999822e+00 -1.137957380572752299e+02 0.000000000000000000e+00
7.299999999999999822e+00 -1.137957380572752299e+02 0.000000000000000000e+00
2.189999999999999858e+01 -1.137957380572752299e+02 0.000000000000000000e+00
3.650000000000000000e+01 -1.137957380572752299e+02 0.000000000000000000e+00
5.110000000000000142e+01 -1.137957380572752299e+02 0.000000000000000000e+00
6.570000000000000284e+01 -1.137957380572752299e+02 0.000000000000000000e+00
8.029999999999999716e+01 -1.053664241271066970e+02 0.000000000000000000e+00
-2.263000000000000114e+02 3.835337838226683402e+02 0.000000000000000000e+00
-8.029999999999999716e+01 3.835337838226683402e+02 0.000000000000000000e+00
6.570000000000000284e+01 3.835337838226683402e+02 0.000000000000000000e+00
2.116999999999999886e+02 3.835337838226683402e+02 0.000000000000000000e+00
-2.993000000000000114e+02 2.570940748701403322e+02 0.000000000000000000e+00
-1.533000000000000114e+02 2.570940748701403322e+02 0.000000000000000000e+00
-7.299999999999999822e+00 2.570940748701403322e+02 0.000000000000000000e+00
1.386999999999999886e+02 2.570940748701403322e+02 0.000000000000000000e+00
2.920000000000000000e+02 2.613087318352245916e+02 0.000000000000000000e+00
-3.723000000000000114e+02 1.306543659176122958e+02 0.000000000000000000e+00
-2.263000000000000114e+02 1.306543659176122958e+02 0.000000000000000000e+00
2.190000000000000000e+02 1.348690228826965836e+02 0.000000000000000000e+00
3.650000000000000000e+02 1.348690228826965836e+02 0.000000000000000000e+00
-4.380000000000000000e+02 0.000000000000000000e+00 0.000000000000000000e+00
-2.920000000000000000e+02 0.000000000000000000e+00 0.000000000000000000e+00
2.920000000000000000e+02 8.429313930168534696e+00 0.000000000000000000e+00
4.380000000000000000e+02 8.429313930168534696e+00 0.000000000000000000e+00
-3.650000000000000000e+02 -1.264397089525280364e+02 0.000000000000000000e+00
-2.190000000000000000e+02 -1.264397089525280364e+02 0.000000000000000000e+00
2.190000000000000000e+02 -1.180103950223595035e+02 0.000000000000000000e+00
3.650000000000000000e+02 -1.180103950223595035e+02 0.000000000000000000e+00
-2.920000000000000000e+02 -2.528794179050560729e+02 0.000000000000000000e+00
-1.460000000000000000e+02 -2.528794179050560729e+02 0.000000000000000000e+00
0.000000000000000000e+00 -2.528794179050560729e+02 0.000000000000000000e+00
1.460000000000000000e+02 -2.528794179050560729e+02 0.000000000000000000e+00
2.920000000000000000e+02 -2.444501039748875257e+02 0.000000000000000000e+00
-2.190000000000000000e+02 -3.793191268575840809e+02 0.000000000000000000e+00
-7.300000000000000000e+01 -3.793191268575840809e+02 0.000000000000000000e+00
7.300000000000000000e+01 -3.793191268575840809e+02 0.000000000000000000e+00
2.190000000000000000e+02 -3.793191268575840809e+02 0.000000000000000000e+00
